JOB_NAME=3203034a_y67
ODB_VERSION_MAJOR=6
ODB_VERSION_MINOR=1
CREATION_DATE=20220402.093313
SAVE_DATE=20220402.093633
SAVE_APP=Genesis 09.07b2
SAVE_USER=0
